Layer: fc1.weight
Weights:
[[ 4.1483934e-03 -1.0919888e-03 -3.6860444e-03 ... -2.3698478e-03
   3.9435183e-03  1.9300114e-03]
 [ 2.1283083e-02 -3.1274548e-03  7.8528147e-04 ...  1.7111363e-03
   2.8032756e-03  7.8854297e-04]
 [ 4.5616678e-03  2.6317725e-02 -2.8828816e-05 ...  4.2754663e-03
  -2.4232771e-03  2.3820442e-03]
 ...
 [ 1.0240946e-02 -1.0706084e-02  1.0193333e-03 ... -4.5479843e-03
   4.5182770e-03 -2.0070334e-03]
 [ 9.0207197e-03  2.1724729e-02 -2.8127423e-03 ... -1.3920144e-03
   2.0694814e-03  3.6175079e-03]
 [ 9.8761739e-03 -3.7638028e-03 -1.9032542e-03 ...  6.9433772e-03
  -1.3612579e-04  4.7478531e-04]]

Layer: fc1.bias
Weights:
[-0.00072666  0.03806311  0.07432967 -0.00143464  0.06287926  0.05640959
 -0.00022849  0.08706342  0.07236665 -0.01226117 -0.01139881  0.07347158
  0.01165104  0.04939488  0.02442201 -0.00307023  0.07535608 -0.01150309
  0.09074034  0.06298847  0.09545951 -0.01836471  0.0936214   0.0809935
  0.06553663  0.06433117  0.06022353  0.07704931  0.0615463   0.06628892
  0.10127571 -0.01568618  0.00474213 -0.01926519  0.06819757  0.0314794
  0.08218248 -0.01910796  0.08478539  0.08329915  0.06136899  0.05355812
 -0.00526976  0.02056711  0.03728564  0.05202464 -0.01257143 -0.00412719
  0.05883019  0.03728321 -0.00960471  0.07225376  0.09870186  0.06536737
 -0.02557079 -0.00310447 -0.00354301  0.11504434 -0.0070371  -0.01174937
  0.0861515  -0.02773037  0.09102877  0.01338388]

Layer: fc2.weight
Weights:
[[-0.08324602  0.06803866  0.04484136 ... -0.0152538   0.04215502
  -0.11049832]
 [-0.03783221 -0.07586594  0.08888004 ...  0.02242274  0.0678556
   0.07739816]
 [ 0.06246482  0.09207245 -0.0762604  ... -0.12685499  0.01045683
  -0.00427504]
 ...
 [-0.02743421 -0.00517539 -0.04393087 ... -0.03574382 -0.02561301
   0.10183679]
 [-0.005943   -0.04392926 -0.03128667 ...  0.00310715 -0.05382071
  -0.06061349]
 [-0.06219818  0.06355673  0.12334439 ...  0.07971122 -0.01317973
   0.08537181]]

Layer: fc2.bias
Weights:
[ 0.07374898  0.07881365 -0.07736649 -0.05802837  0.03604076  0.07851306
 -0.1014602  -0.00058612  0.0933644   0.02190925 -0.07685437 -0.05453411
  0.06998883  0.01636953 -0.07410026 -0.01835075  0.20645586  0.1128445
 -0.0920145   0.03658824  0.07601596  0.14486878  0.05861126 -0.10372113
 -0.0880991  -0.1007726   0.00759229 -0.06334823 -0.1164974   0.10587731
  0.10032514 -0.06120257]

Layer: fc3.weight
Weights:
[[ 0.09831838 -0.09161288  0.01632636 -0.07437559  0.05835548 -0.16045158
  -0.1765388  -0.00550195 -0.23422894 -0.21397941  0.16956316 -0.0593321
  -0.00434737  0.02811728  0.07586408 -0.08913525  0.00106205 -0.04729792
  -0.04302364  0.15702726  0.0499397  -0.16280946  0.15551162  0.17286399
   0.01277782 -0.13740794  0.09826307  0.03095143  0.08651114  0.17923865
   0.16175157  0.12263881]
 [-0.07026954  0.23686762  0.01970085 -0.1526945  -0.03739297  0.09148818
  -0.13625461  0.00385367 -0.01691211  0.10466255 -0.17759147 -0.14735746
   0.21437211 -0.12519704 -0.04521188  0.05904029  0.25088385  0.20649017
   0.13120338 -0.13329995 -0.1934886   0.15402383 -0.13841113 -0.06028601
  -0.17165814 -0.06259538  0.21656254  0.08400331 -0.11036099 -0.19438384
  -0.01349376 -0.16838856]]

Layer: fc3.bias
Weights:
[-0.07314561 -0.01947765]

